1403636579763555840.000000 0.000000000 0.000000000 0.000000000 -0.000000000 -0.000000000 -0.000000000 1.000000000
1403636579913555712.000000 0.000031376 0.010820240 0.004106333 -0.005845415 0.005741006 -0.003093674 0.999961674
1403636579963555584.000000 -0.000086011 0.015414645 0.005451330 -0.011893302 0.005771189 -0.003169491 0.999907613
1403636580313555456.000000 -0.000965560 0.047179602 0.014026094 -0.033698730 0.004754885 -0.000236402 0.999420702
1403636580413555712.000000 -0.001274047 0.053766824 0.015034730 -0.046798382 0.003842248 -0.002402599 0.998894095
1403636580513555456.000000 -0.001607101 0.057434287 0.015383438 -0.064269818 0.003173876 -0.002926807 0.997923255
1403636580763555840.000000 -0.002322668 0.040809970 0.010949844 -0.063010924 0.004039905 -0.006287533 0.997984886
1403636581613555456.000000 -0.001898285 -0.012170113 -0.001930325 0.005084636 0.025295462 -0.017439278 0.999514997
1403636585113555456.000000 -0.000493082 -0.034690145 -0.005172609 0.016586494 0.049989026 -0.008619149 0.998574853
1403636586563555840.000000 0.001651942 0.021262929 -0.007549326 -0.201912165 0.043073494 0.013070442 0.978368700
1403636587063555840.000000 0.007303700 0.018888218 -0.006466426 -0.186761782 0.027715694 0.006601095 0.981992006
1403636587713555456.000000 0.034301590 0.015827691 0.000315899 -0.192579970 0.037465136 0.018545084 0.980390489
1403636588213555456.000000 0.064294875 0.016419422 0.003572270 -0.206008852 0.065992072 0.029956905 0.975862682
1403636589563555840.000000 -0.010061037 0.017698837 -0.006659874 -0.195129067 0.021511801 0.013026326 0.980455101
1403636589913555712.000000 -0.039066225 0.021217180 -0.008861514 -0.200425968 0.001043746 0.007613230 0.979678750
1403636590063555840.000000 -0.047430210 0.022441719 -0.009521850 -0.199244827 -0.011511947 0.007457440 0.979853809
1403636590213555456.000000 -0.051448777 0.022265393 -0.010111485 -0.190773591 -0.018664269 0.006880217 0.981432498
1403636590563555840.000000 -0.040113784 0.021061258 -0.011879833 -0.189041734 -0.002431473 0.001763201 0.981964469
1403636590713555456.000000 -0.029234547 0.019993197 -0.012202635 -0.187356770 0.007764864 0.001510289 0.982260108
1403636591313555456.000000 0.021434171 0.019474480 -0.007559235 -0.199834004 0.018523607 0.014654719 0.979545057
1403636591613555456.000000 0.034655388 0.022046104 -0.002749388 -0.191084072 0.040626332 0.020133629 0.980525911
1403636591763555840.000000 0.037419006 0.022673715 0.000277495 -0.160774052 0.059035998 0.018237332 0.985055268
1403636592163555584.000000 0.044530451 0.019718008 0.009312548 -0.150403485 0.098507293 0.038034759 0.982969224
1403636592313555456.000000 0.048209731 0.018009873 0.015765790 -0.163933024 0.103214718 0.042997710 0.980114281
1403636592463555584.000000 0.048598409 0.015353682 0.023829410 -0.170226410 0.091840290 0.045684643 0.980051696
1403636593513555456.000000 -0.031138189 0.021792591 0.010268684 -0.178955629 -0.106614776 -0.009301255 0.978019238
1403636593713555456.000000 -0.028757319 0.029314196 -0.005445147 -0.193615943 -0.078893088 0.007156915 0.977874041
1403636593863555584.000000 -0.019057788 0.033537254 -0.015109274 -0.195752755 -0.031250875 0.028300285 0.979746580
1403636594063555840.000000 0.000725727 0.035687085 -0.022000104 -0.175488815 0.049098276 0.055167280 0.981707513
1403636594263555840.000000 0.022775261 0.034537420 -0.019619169 -0.174117625 0.110034727 0.073097259 0.975823879
1403636594413555712.000000 0.039119661 0.031621020 -0.010871182 -0.172554970 0.134576440 0.070477344 0.973214746
1403636594813555456.000000 0.053720444 0.021108737 0.023353742 -0.142326564 0.119518504 0.057860877 0.980872393
1403636596113555456.000000 0.026229775 0.042142529 -0.011341146 -0.172453150 0.046420753 0.013367143 0.983832479
1403636596313555456.000000 0.024207840 0.044429541 -0.024089538 -0.170751110 0.065610580 0.029340649 0.982689381
1403636596513555456.000000 0.009978626 0.044905465 -0.039316569 -0.160333171 0.065190561 0.024216281 0.984610081
1403636596713555456.000000 -0.001772562 0.045701321 -0.048570577 -0.160862550 0.062326893 0.017318975 0.984854698
1403636597063555840.000000 0.000835606 0.041833054 -0.030935975 -0.160465240 0.063778013 0.002526871 0.984975576
1403636597263555840.000000 0.007691118 0.034390010 -0.007956854 -0.174850121 0.042786554 -0.003596175 0.983658433
1403636598063555840.000000 -0.006049217 0.027785487 0.013424427 -0.142266780 -0.077421688 -0.050539993 0.985500753
1403636598313555456.000000 -0.005166460 0.038219810 -0.002745940 -0.181794420 -0.067712411 -0.054358728 0.979495287
1403636598563555840.000000 0.000275219 0.044284854 0.000560020 -0.180654809 -0.057898503 -0.060074557 0.980001390
1403636598763555840.000000 0.004069694 0.045466892 0.014157588 -0.144515246 -0.079248883 -0.057160959 0.984666228
1403636598963555584.000000 0.007076493 0.049699128 0.028343922 -0.101392254 -0.090855569 -0.051550038 0.989347041
1403636599213555456.000000 0.008829038 0.054286819 0.039235327 -0.046281431 -0.103272602 -0.042518608 0.992665589
1403636599813555456.000000 0.010394745 0.059678040 0.049733404 0.008943982 -0.083950937 -0.031005956 0.995947242
1403636600013555456.000000 0.010816892 0.059913650 0.049668286 0.015714051 -0.083260477 -0.025345450 0.996081531
1403636612363555584.000000 0.011282870 0.060074870 0.049543224 0.019384980 -0.085528962 -0.020147590 0.995943308
1403636624313555456.000000 0.011430756 0.059975814 0.049537919 0.015635015 -0.081809528 -0.018673832 0.996350348
1403636624663555584.000000 0.015688885 0.060731500 0.047088150 -0.004078501 -0.070553951 -0.023668615 0.997218788
1403636624813555456.000000 0.019589249 0.061843820 0.045025181 -0.004032160 -0.065890223 -0.037843473 0.997100830
1403636624963555584.000000 0.024362110 0.061375268 0.040780120 -0.019828051 -0.058654811 -0.061184064 0.996204317
1403636625213555456.000000 0.028463924 0.052519299 0.032096267 -0.038076580 -0.059905887 -0.062984690 0.995487034
1403636627113555456.000000 0.030829215 0.000882784 0.034102812 -0.018819788 -0.081188440 -0.055717409 0.994962215
1403636627413555712.000000 0.035766758 -0.004497062 0.028868057 -0.006190228 -0.083270431 -0.052262265 0.995136380
1403636627663555584.000000 0.040766835 -0.011701767 0.023139428 -0.011711820 -0.070731528 -0.044390958 0.996438324
1403636627963555584.000000 0.048845436 -0.005906340 0.023018688 -0.040710837 -0.035795562 -0.040099066 0.997724116
1403636628563555840.000000 0.061243884 -0.028560231 0.030717220 -0.004270657 -0.026625145 -0.014820245 0.999526501
1403636629313555456.000000 0.098225020 -0.043349829 0.043142356 -0.022617627 0.021060282 -0.015129872 0.999407828
1403636629763555840.000000 0.126953080 -0.042850249 0.063597776 -0.029087573 0.080472179 0.015829572 0.996206641
1403636629963555584.000000 0.143619940 -0.037750464 0.076652937 -0.036823679 0.122617677 0.027170962 0.991398335
1403636630363555584.000000 0.178215414 -0.046653107 0.104726039 -0.006867210 0.156087607 0.033008952 0.987167656
1403636630563555840.000000 0.194895595 -0.057383105 0.116887376 -0.014680019 0.157299727 0.027391652 0.987061799
1403636630913555712.000000 0.221347496 -0.074396513 0.139910951 -0.018055780 0.148027495 0.025335658 0.988493800
1403636631063555840.000000 0.232173413 -0.078187019 0.151547149 -0.016471069 0.144875377 0.027150223 0.988940179
1403636631463555584.000000 0.260563433 -0.083693318 0.185260460 -0.010038825 0.142264441 0.024721472 0.989468992
1403636631663555584.000000 0.274452150 -0.082531027 0.201518416 -0.011507615 0.141138300 0.019558320 0.989729822
1403636633213555456.000000 0.339957297 -0.105874769 0.327648759 -0.017554702 0.037537035 -0.021719852 0.998904943
1403636633713555456.000000 0.358152032 -0.110723525 0.381532103 -0.033010107 0.028475253 -0.010563854 0.998993456
1403636634463555584.000000 0.395166695 -0.146093339 0.476794928 -0.012942689 0.034752652 -0.011897461 0.999241292
1403636634713555456.000000 0.410659581 -0.156428561 0.510476649 -0.005289766 0.025294485 -0.022249080 0.999418437
1403636634963555584.000000 0.422846913 -0.166888550 0.541629553 -0.015537476 0.008798493 -0.028547294 0.999432981
1403636635263555840.000000 0.435271055 -0.181701288 0.577828109 -0.022843007 -0.002627658 -0.032286573 0.999214172
1403636635513555456.000000 0.444764882 -0.191178307 0.610809624 -0.027713651 -0.009230076 -0.021307200 0.999346197
1403636635763555840.000000 0.455567688 -0.208466902 0.643230319 -0.021267960 -0.009377090 -0.015002906 0.999617279
1403636636013555456.000000 0.468422830 -0.234148085 0.674638152 -0.025336498 -0.009764357 -0.004948539 0.999619067
1403636636263555840.000000 0.485522360 -0.260528862 0.707163572 -0.019522138 -0.001867368 -0.026434833 0.999458134
1403636636513555456.000000 0.503391027 -0.289294481 0.738042772 0.011842440 -0.000007643 -0.033643655 0.999363720
1403636636763555840.000000 0.518067658 -0.307043731 0.767196119 0.012844600 0.006874794 -0.053620324 0.998455107
1403636637013555456.000000 0.526918828 -0.313583404 0.792478979 0.003131950 0.002070625 -0.048581958 0.998812139
1403636637313555456.000000 0.530919194 -0.314580917 0.818948150 -0.015281104 -0.006563982 -0.033252470 0.999308586
1403636637513555456.000000 0.532262206 -0.318821430 0.835863709 -0.020288825 -0.008717274 -0.033957969 0.999179304
1403636637963555584.000000 0.532813430 -0.349455178 0.869039178 -0.012711734 -0.013435803 -0.033803817 0.999257326
1403636638213555456.000000 0.532538891 -0.357991874 0.890538156 -0.004980549 -0.015031252 -0.033018079 0.999329329
1403636638513555456.000000 0.533330083 -0.356685251 0.917377651 -0.041956007 -0.022220761 -0.014336037 0.998769462
1403636638763555840.000000 0.537542820 -0.360399008 0.943851531 -0.039297849 -0.018617462 -0.027146356 0.998685241
1403636639013555456.000000 0.542958975 -0.375599056 0.972965419 -0.022904530 -0.022851195 -0.018446341 0.999306262
1403636639213555456.000000 0.549508631 -0.386801630 0.997133017 -0.023159616 -0.029221060 -0.000279913 0.999304593
1403636639413555712.000000 0.560357928 -0.388856173 1.025809169 -0.024546349 -0.023787556 -0.015919136 0.999288917
1403636640163555584.000000 0.601420403 -0.400411844 1.130487800 -0.001523345 -0.030713707 -0.039620232 0.998741508
1403636640463555584.000000 0.614639580 -0.415412009 1.159827352 -0.003157363 -0.048917722 -0.048254076 0.997631550
1403636641763555840.000000 0.657532513 -0.428971380 1.261922240 -0.006141623 -0.052434843 -0.046557236 0.997519612
1403636642163555584.000000 0.669388831 -0.445074081 1.278377652 -0.000103172 -0.031042261 -0.040063046 0.998714864
1403636643063555840.000000 0.693584859 -0.447018415 1.305881023 -0.021456672 0.004759211 -0.021259148 0.999532402
1403636643313555456.000000 0.700921595 -0.450115710 1.314613223 -0.010662010 0.003232871 -0.020196592 0.999733984
1403636643863555584.000000 0.719579875 -0.466791749 1.334410667 -0.042336021 -0.000587593 -0.025244502 0.998784304
1403636644113555456.000000 0.728521109 -0.476995200 1.352066040 -0.048504781 -0.000139539 -0.027633347 0.998440623
1403636644413555712.000000 0.739612281 -0.486338109 1.385168433 -0.013637253 -0.007759129 -0.003266992 0.999871612
1403636644613555456.000000 0.750033557 -0.486562252 1.410300493 0.000037868 -0.011814116 0.009686762 0.999883294
1403636644913555712.000000 0.774843812 -0.474784821 1.444698930 -0.002381041 0.002985779 -0.026885170 0.999631226
1403636645713555456.000000 0.835209608 -0.479030102 1.546115518 -0.036673412 0.008338471 -0.026200904 0.998948991
1403636645913555712.000000 0.848464608 -0.488765031 1.579389572 -0.036653403 0.007077855 -0.022720633 0.999044657
1403636646063555840.000000 0.859019041 -0.502376497 1.604893208 -0.024672465 0.013502835 -0.012463945 0.999526680
1403636646213555456.000000 0.870185077 -0.516192198 1.629475713 -0.013752169 0.037303776 0.005104432 0.999196291
1403636646363555584.000000 0.882859170 -0.528612018 1.655678391 -0.001115546 0.073104255 0.026702516 0.996966183
1403636646513555456.000000 0.898564517 -0.538730741 1.678935766 0.012064402 0.112585567 0.030779844 0.993091881
1403636646663555584.000000 0.913983941 -0.549526513 1.700550675 0.012219949 0.138988927 0.030072998 0.989761770
1403636647163555584.000000 0.960187912 -0.592435181 1.751968026 -0.004596295 0.160301521 0.033555813 0.986486852
1403636647413555712.000000 0.983594656 -0.605569959 1.773990631 -0.001761905 0.155291155 0.035421416 0.987231970
1403636647563555840.000000 0.997255325 -0.611072958 1.786939740 0.008167683 0.150153384 0.038460478 0.987880588
1403636647813555456.000000 1.020800829 -0.621082187 1.803356409 0.009630792 0.154132590 0.038397253 0.987256825
1403636648063555840.000000 1.046504021 -0.625610232 1.815857887 0.006454505 0.185262218 0.045651890 0.981606960
1403636648313555456.000000 1.073586702 -0.623131573 1.827638507 0.006249756 0.246160313 0.067625225 0.966846883
1403636648613555456.000000 1.106613994 -0.611128092 1.834832788 0.007069590 0.319532216 0.092366003 0.943036437
1403636649463555584.000000 1.188275099 -0.633504212 1.826810718 -0.003965483 0.347340435 0.092410743 0.933166206
1403636649913555712.000000 1.224435806 -0.669857979 1.812275410 0.013299462 0.361298263 0.096016407 0.927398264
1403636650313555456.000000 1.251727939 -0.674403787 1.798289061 0.013530834 0.406598359 0.109893851 0.906872690
1403636650713555456.000000 1.272128820 -0.656436026 1.779275179 -0.003165289 0.482421070 0.144207880 0.863981485
1403636651013555456.000000 1.282487154 -0.650736213 1.764657974 0.008170542 0.502218604 0.142437905 0.852889895
1403636651613555456.000000 1.289066792 -0.653908253 1.725257158 0.005892084 0.490742505 0.139737934 0.860006034
1403636652013555456.000000 1.289677620 -0.642893016 1.698840022 0.027994212 0.513582230 0.159973860 0.842530727
1403636653063555840.000000 1.289684296 -0.585549295 1.594890356 -0.018378140 0.656426787 0.220267043 0.721282601
1403636653163555584.000000 1.293292642 -0.581899226 1.585985303 -0.012678397 0.656432569 0.213606358 0.723400235
1403636653263555840.000000 1.297451735 -0.577929616 1.577067375 -0.004548605 0.656569123 0.204122111 0.726106405
1403636653813555456.000000 1.315506577 -0.572436094 1.529404402 0.008084004 0.646685123 0.185455814 0.739823759
1403636654063555840.000000 1.317193389 -0.565538466 1.512382507 0.009471237 0.644093812 0.191110089 0.740628362
1403636654363555584.000000 1.315514445 -0.556127071 1.491336465 0.008258073 0.663446724 0.198959574 0.721238792
1403636654863555584.000000 1.303185225 -0.553366899 1.452163935 -0.003029763 0.713683248 0.230101138 0.661589384
1403636655263555840.000000 1.290738583 -0.540753126 1.428883791 0.016630242 0.729370058 0.216578558 0.648719072
1403636655413555712.000000 1.283990502 -0.534118652 1.420911789 0.022293493 0.735988617 0.219095290 0.640172660
1403636655663555584.000000 1.265928745 -0.527305126 1.406945705 0.014691800 0.750772774 0.241550133 0.614636481
1403636656013555456.000000 1.239293694 -0.502582788 1.388826728 0.012025680 0.778659046 0.270436138 0.566047490
1403636656213555456.000000 1.224222660 -0.490249127 1.374420166 0.005965970 0.792934716 0.273078203 0.544653416
1403636656363555584.000000 1.213501811 -0.486271083 1.362627149 0.002526227 0.796811581 0.276238680 0.537379980
1403636656463555584.000000 1.207116008 -0.485411704 1.352409124 0.001377856 0.797295511 0.276816070 0.536368191
1403636656563555840.000000 1.200495481 -0.485019386 1.341672897 -0.000326384 0.797507524 0.274537593 0.537225008
1403636656863555584.000000 1.183998346 -0.482181311 1.311060071 0.013397766 0.802961648 0.246593773 0.542461634
1403636657213555456.000000 1.159736872 -0.466003895 1.281939864 0.026865376 0.798891425 0.244284526 0.548977077
1403636657313555456.000000 1.150509238 -0.462008327 1.274857044 0.025015665 0.797032416 0.249684840 0.549336910
1403636657513555456.000000 1.129963636 -0.453288287 1.258299351 0.020064157 0.790747464 0.268830866 0.549586952
1403636657613555456.000000 1.119473100 -0.448377907 1.250694394 0.016730666 0.789858222 0.272988588 0.548927367
1403636657863555584.000000 1.093534589 -0.430930912 1.227650642 0.021744262 0.790932178 0.279003680 0.544160306
1403636657963555584.000000 1.082548022 -0.423331380 1.217538595 0.023773344 0.789480865 0.286780119 0.542136490
1403636658063555840.000000 1.072396398 -0.416158259 1.206849575 0.019167500 0.791284978 0.286646515 0.539754093
1403636658163555584.000000 1.062274814 -0.411233485 1.192947984 0.010488042 0.794451952 0.281649977 0.537967861
1403636658263555840.000000 1.051585913 -0.405992538 1.179629564 0.002094921 0.797858953 0.275580466 0.536164224
1403636658463555584.000000 1.032676339 -0.393672884 1.152377129 -0.008059788 0.800462067 0.272527188 0.533783138
1403636658613555456.000000 1.020581007 -0.382136464 1.132851124 -0.017873840 0.803356647 0.265617520 0.532678008
1403636658713555456.000000 1.013310194 -0.375387639 1.120732546 -0.020405352 0.804679453 0.263094455 0.531841993
1403636658813555456.000000 1.007066488 -0.367404222 1.108173490 -0.022752801 0.807270169 0.255079180 0.531725287
1403636659013555456.000000 0.997279525 -0.352088094 1.087766171 -0.008582120 0.809408605 0.249529183 0.531525373
1403636659113555456.000000 0.992476702 -0.343322396 1.078993082 -0.000788677 0.810338140 0.246259660 0.531702697
1403636659213555456.000000 0.987800956 -0.334874868 1.071834803 0.003119421 0.810844123 0.244659021 0.531661630
1403636659313555456.000000 0.982261658 -0.326214731 1.064694405 0.002427983 0.809964418 0.246775016 0.532028079
1403636659413555712.000000 0.975317597 -0.318938464 1.058292389 -0.002878414 0.807792187 0.252369702 0.532703519
1403636659513555456.000000 0.969970822 -0.313603103 1.052059770 -0.008781857 0.806637406 0.256514162 0.532409251
1403636659813555456.000000 0.954533696 -0.297313273 1.036097765 -0.005635226 0.810317159 0.251165479 0.529405594
1403636659913555712.000000 0.949393630 -0.290646791 1.032663584 -0.005872938 0.810403705 0.253206670 0.528297007
1403636660113555456.000000 0.940678358 -0.274650306 1.028195143 -0.016234254 0.807578921 0.266897708 0.525659919
1403636660213555456.000000 0.936428308 -0.265175432 1.026854515 -0.018171025 0.806663156 0.270031303 0.525402188
1403636660513555456.000000 0.931223750 -0.243826151 1.022925138 -0.033605136 0.800431371 0.288576275 0.524312913
1403636660813555456.000000 0.939479351 -0.225947961 1.018917799 -0.022973470 0.813775122 0.248003811 0.525106072
1403636660963555584.000000 0.945111632 -0.214144632 1.020745993 -0.023005955 0.816552758 0.237779051 0.525522053
1403636661113555456.000000 0.951417565 -0.202476427 1.025881767 -0.011871204 0.815380514 0.241161242 0.526170075
1403636661263555840.000000 0.957249165 -0.190981314 1.033627629 -0.004362354 0.814426899 0.244043782 0.526433706
1403636661413555712.000000 0.962541223 -0.182907939 1.041585445 -0.002431063 0.814347804 0.243794441 0.526684105
1403636661713555456.000000 0.968965888 -0.177682191 1.059455872 0.002151627 0.811612964 0.249494955 0.528234839
1403636661863555584.000000 0.971108913 -0.179520875 1.068120241 0.016059665 0.809694171 0.253029168 0.529257715
1403636662263555840.000000 0.966819048 -0.194352657 1.086547732 0.003878408 0.811375201 0.247172505 0.529680073
1403636662413555712.000000 0.962832212 -0.197413564 1.094887733 -0.007271122 0.811856151 0.248773873 0.528155565
1403636662863555584.000000 0.954044819 -0.197723538 1.126690865 0.016618239 0.803083241 0.280840963 0.525270879
1403636663013555456.000000 0.951142311 -0.193508074 1.136212349 0.011992927 0.800362766 0.290364653 0.524370193
1403636663313555456.000000 0.948067784 -0.186801970 1.144241810 -0.007763998 0.801409662 0.290935546 0.522531092
1403636663763555840.000000 0.960085988 -0.162560225 1.149864674 -0.050205246 0.803220630 0.282529771 0.522008479
1403636663913555712.000000 0.973367572 -0.156738281 1.151489019 -0.056815188 0.808083177 0.262926072 0.524064422
1403636664063555840.000000 0.989933372 -0.155563861 1.155220747 -0.053894129 0.812909126 0.242560640 0.526724339
1403636664213555456.000000 1.009390831 -0.158537984 1.162135839 -0.034835022 0.812097251 0.239122868 0.531135380
1403636664363555584.000000 1.030184984 -0.160627067 1.172311306 -0.018626366 0.809988797 0.237396955 0.535923421
1403636664563555840.000000 1.057199836 -0.155973703 1.191600084 -0.007325141 0.805837870 0.235926941 0.543056309
1403636664713555456.000000 1.076288700 -0.154840648 1.208333969 0.005051193 0.800184846 0.242299885 0.548606932
1403636664863555584.000000 1.093610764 -0.155736119 1.224504709 -0.003875537 0.797324836 0.241201833 0.553244770
1403636665013555456.000000 1.109640598 -0.159667492 1.240901232 -0.005264654 0.792617381 0.247925565 0.557012439
1403636665213555456.000000 1.130954623 -0.169748187 1.261816502 -0.008174526 0.785830379 0.261061281 0.560580909
1403636665463555584.000000 1.157952785 -0.184018672 1.284402013 0.001210412 0.786980391 0.255494475 0.561589658
1403636665663555584.000000 1.178509712 -0.195669830 1.302342176 -0.017709022 0.791078568 0.248167694 0.558832526
1403636666563555840.000000 1.259104371 -0.242615893 1.396163464 0.016833453 0.790664732 0.255988896 0.555909812
1403636667163555584.000000 1.292692780 -0.269111663 1.445528030 0.005235821 0.781675041 0.269984722 0.562196612
1403636667363555584.000000 1.306491852 -0.270212114 1.458142877 -0.000726874 0.790419817 0.241463900 0.562966406
1403636667563555840.000000 1.318836331 -0.269425690 1.472787142 -0.007356096 0.785487354 0.253287554 0.564624608
1403636668313555456.000000 1.369414210 -0.278866976 1.517206907 -0.013209615 0.787006795 0.264409214 0.557255447
1403636668513555456.000000 1.387435913 -0.274891913 1.529243708 -0.013562571 0.791186392 0.260446995 0.553179562
1403636668713555456.000000 1.405602455 -0.269212216 1.543764949 -0.016643275 0.794925451 0.257606477 0.549049556
1403636669163555584.000000 1.451090455 -0.271192849 1.579359174 -0.002997744 0.802277327 0.240407065 0.546394229
1403636669363555584.000000 1.469780922 -0.276591092 1.600102067 -0.000540119 0.802704632 0.241430715 0.545322061
1403636669613555456.000000 1.489620686 -0.279927641 1.631235957 0.008647528 0.806294560 0.227917492 0.545772791
1403636670113555456.000000 1.505384922 -0.300250173 1.697027206 0.058821701 0.785683393 0.271135479 0.552925885
1403636670313555456.000000 1.499627471 -0.312128991 1.713260293 0.088799305 0.775244355 0.273298323 0.562511146
1403636670513555456.000000 1.485411763 -0.316754103 1.722240090 0.098546408 0.756993353 0.281372964 0.581445575
1403636670713555456.000000 1.461807489 -0.321085036 1.717547536 0.095932990 0.731738508 0.277421832 0.615136385
1403636670963555584.000000 1.421930671 -0.322836071 1.691101074 0.111391313 0.685146034 0.271606624 0.666630864
1403636671463555584.000000 1.312142491 -0.314058363 1.566220164 0.013389333 0.610658169 0.204265520 0.764979064
1403636672013555456.000000 1.205677629 -0.286699891 1.408347964 -0.075653069 0.571460664 0.215135604 0.788305759
1403636672663555584.000000 1.180044889 -0.288900644 1.290778279 -0.026413457 0.599148095 0.154208422 0.785202920
1403636673413555712.000000 1.176975489 -0.262108713 1.263005853 -0.065070756 0.529875040 0.169925377 0.828325808
1403636673813555456.000000 1.198800087 -0.266533166 1.276002884 -0.028533826 0.528546393 0.143611610 0.836181939
1403636674213555456.000000 1.221344233 -0.275858581 1.306809902 -0.022900337 0.527756751 0.143781081 0.836824596
1403636674663555584.000000 1.242714405 -0.272166669 1.356550813 0.004986538 0.494098574 0.160612345 0.854426980
1403636676963555584.000000 1.428288698 -0.303014398 1.660908818 -0.013725281 0.240824342 0.068000503 0.968086362
1403636677813555456.000000 1.453940272 -0.326174736 1.787173510 0.011025002 0.159135640 0.034550387 0.986590385
1403636678763555840.000000 1.467694759 -0.366403759 1.858162165 -0.012179211 -0.026291525 -0.052685190 0.998190701
1403636679013555456.000000 1.468356967 -0.372161269 1.873289227 -0.011454418 -0.071730331 -0.099438056 0.992388844
1403636679763555840.000000 1.442891121 -0.383735538 1.899861813 -0.007884291 -0.239181474 -0.105777554 0.965163827
1403636680013555456.000000 1.438174009 -0.399379879 1.898204088 0.011236077 -0.242604285 -0.124487720 0.962039351
1403636680413555712.000000 1.426703334 -0.419924706 1.879902601 0.020183207 -0.224327490 -0.155720532 0.961780071
1403636680713555456.000000 1.407445788 -0.418179154 1.855395317 0.008814139 -0.218640238 -0.149215773 0.964289069
1403636681013555456.000000 1.378412962 -0.408014268 1.823373556 -0.029911902 -0.229925260 -0.103790447 0.967195511
1403636681263555840.000000 1.354442954 -0.394495457 1.802730083 -0.026889397 -0.225932822 -0.117048517 0.966711462
1403636681513555456.000000 1.326796293 -0.386306375 1.783204317 -0.003669454 -0.230351642 -0.110875428 0.966763318
1403636681763555840.000000 1.300532579 -0.379510552 1.762582421 -0.000670977 -0.232659623 -0.117546365 0.965428352
1403636682613555456.000000 1.209076881 -0.359241724 1.676087141 -0.008171596 -0.236989975 -0.113552839 0.964818478
1403636682813555456.000000 1.187579513 -0.351472914 1.656594634 0.002100048 -0.234800234 -0.108363129 0.965982318
1403636683163555584.000000 1.151509047 -0.343593031 1.618027091 0.004764675 -0.230026618 -0.114982575 0.966356099
1403636683613555456.000000 1.105047345 -0.317414105 1.562970519 -0.003646321 -0.238687828 -0.109517992 0.964894116
1403636683963555584.000000 1.071092486 -0.294702113 1.521318436 -0.017420886 -0.243360922 -0.110155568 0.963502824
1403636684263555840.000000 1.042534709 -0.289595664 1.483247399 -0.008420113 -0.249854773 -0.108833350 0.962110698
1403636685713555456.000000 0.952425599 -0.228077859 1.301846027 -0.007125246 -0.239176005 -0.117607705 0.963801086
1403636686163555584.000000 0.923338413 -0.195806131 1.244233966 -0.012784434 -0.241843879 -0.110767946 0.963887215
1403636686713555456.000000 0.887793422 -0.173180014 1.176017761 -0.021286003 -0.242179140 -0.109800637 0.963763475
1403636686913555712.000000 0.874857426 -0.164329052 1.156171322 -0.015755285 -0.244622126 -0.106333219 0.963641584
1403636688413555712.000000 0.812119186 -0.082023665 1.032767057 -0.006809624 -0.250775069 -0.109178081 0.961844921
1403636688713555456.000000 0.802874804 -0.057198409 1.009940982 -0.003875629 -0.245368600 -0.127450526 0.961007595
1403636689063555840.000000 0.785687745 -0.031235613 0.980029881 -0.015512028 -0.264067560 -0.125258490 0.956210256
1403636689263555840.000000 0.772727072 -0.023368932 0.961703718 -0.023322115 -0.277216762 -0.123183258 0.952592731
1403636689613555456.000000 0.749336600 -0.025057454 0.930317938 -0.029884705 -0.287279606 -0.124607161 0.949236751
1403636689863555584.000000 0.732162952 -0.031160157 0.913185179 -0.048766620 -0.291213840 -0.108415827 0.949243009
1403636690163555584.000000 0.713078260 -0.035943121 0.907167733 -0.044209380 -0.286399931 -0.108941913 0.950869262
1403636690413555712.000000 0.699986339 -0.044116657 0.910129189 -0.038865972 -0.280790150 -0.119741984 0.951476872
1403636690613555456.000000 0.687964857 -0.053256117 0.916689038 -0.038587164 -0.285789996 -0.104170412 0.951831758
1403636690813555456.000000 0.677917242 -0.058024380 0.928703129 -0.035973337 -0.297112882 -0.069993094 0.951593816
1403636690913555712.000000 0.673764706 -0.057672407 0.937761724 -0.026822291 -0.300669134 -0.058539655 0.951552331
1403636691063555840.000000 0.673608065 -0.058749843 0.952678621 -0.001694892 -0.306194425 -0.044602741 0.950922072
1403636691263555840.000000 0.684108317 -0.064301990 0.971358836 0.028130595 -0.301548183 -0.065728925 0.950766563
1403636691463555584.000000 0.705318213 -0.074547209 0.984937310 0.017849168 -0.295186877 -0.098099068 0.950222433
1403636691813555456.000000 0.750339389 -0.101616263 0.998332441 -0.003808806 -0.291602492 -0.127854154 0.947948754
1403636692113555456.000000 0.789528489 -0.118399180 1.007917166 0.001468082 -0.295553058 -0.115602255 0.948305011
1403636692563555840.000000 0.848513007 -0.155281410 1.010996461 -0.003309943 -0.285996318 -0.130512148 0.949295461
1403636693213555456.000000 0.911694407 -0.211595103 0.999092877 -0.015073284 -0.277902842 -0.143937394 0.949644625
1403636693513555456.000000 0.926880360 -0.223574847 0.995823026 -0.045934666 -0.283685595 -0.134056270 0.948388875
1403636694013555456.000000 0.934454143 -0.237755626 1.012389421 -0.016497500 -0.290739059 -0.125451833 0.948398888
1403636694363555584.000000 0.934494257 -0.246873379 1.029947400 -0.007953104 -0.293179333 -0.123224020 0.948049843
1403636694713555456.000000 0.935458899 -0.255912572 1.044423342 -0.014847212 -0.290273905 -0.127913773 0.948239803
1403636695063555840.000000 0.936436474 -0.255237281 1.061301112 -0.019380644 -0.292577624 -0.108603321 0.949856877
1403636695763555840.000000 0.946915388 -0.270594001 1.093160868 -0.006495281 -0.276069582 -0.126835823 0.952709854
1403636696563555840.000000 0.948004723 -0.261076480 1.121789813 0.004077910 -0.272390366 -0.116941132 0.955045402
1403636697663555584.000000 0.932622433 -0.263222516 1.093421936 -0.011229115 -0.252503484 -0.127995893 0.959027112
1403636698463555584.000000 0.884540141 -0.251011699 1.047652483 -0.014584799 -0.136935040 -0.082738772 0.987010837
1403636699763555840.000000 0.801997364 -0.207280844 1.005395174 -0.017107833 0.190493643 0.074362442 0.978718400
1403636700613555456.000000 0.811683476 -0.163712054 0.995324373 -0.001493608 0.259821385 0.084165514 0.961980700
1403636701463555584.000000 0.848488152 -0.129377499 0.972109318 -0.022398360 0.287197858 0.083644897 0.953949273
1403636702263555840.000000 0.893866956 -0.120842665 0.961729288 -0.005910505 0.360508442 0.109628946 0.926272273
1403636702963555584.000000 0.938776970 -0.069821551 0.973679066 -0.031465694 0.396535486 0.114030018 0.910366237
1403636703763555840.000000 1.000557065 -0.058332309 0.992719114 -0.011105441 0.390825510 0.111861229 0.913574994
1403636704363555584.000000 1.046160102 -0.049882874 1.003020883 -0.018090624 0.381663024 0.113990232 0.917067230
1403636704913555712.000000 1.094897985 -0.050113618 1.017245293 -0.049023401 0.376374662 0.116515510 0.917803347
1403636705363555584.000000 1.147401571 -0.049241044 1.057367444 -0.020667814 0.378944308 0.097337432 0.920054078
1403636705913555712.000000 1.212341309 -0.059627518 1.123642087 -0.014252347 0.376095533 0.107961923 0.920159400
1403636706413555712.000000 1.273492694 -0.073117793 1.182764411 -0.010415400 0.373548061 0.096699685 0.922498047
1403636706963555584.000000 1.333869338 -0.088578716 1.244940400 -0.030431945 0.377739012 0.098657914 0.920137942
1403636707563555840.000000 1.394682407 -0.136998102 1.322816849 -0.027057163 0.390671015 0.101844192 0.914479017
1403636708063555840.000000 1.446429849 -0.172616154 1.402447939 -0.016925586 0.381227046 0.113717966 0.917304575
1403636708563555840.000000 1.504552841 -0.179873139 1.486358881 0.010775019 0.368699223 0.128712192 0.920531332
1403636709013555456.000000 1.559322238 -0.187031224 1.542920828 0.004579109 0.392326206 0.087891363 0.915606022
1403636709313555456.000000 1.583546162 -0.197391257 1.574777603 -0.004471375 0.400192946 0.089875028 0.912002265
1403636709663555584.000000 1.599941850 -0.208702043 1.613881230 -0.015919847 0.400057524 0.091589570 0.911763132
1403636709963555584.000000 1.608341932 -0.214581385 1.652749777 -0.014734557 0.395710051 0.089051314 0.913929045
1403636710963555584.000000 1.603224158 -0.225271463 1.791688204 -0.001460929 0.298939168 0.071116343 0.951617420
1403636711263555840.000000 1.597754359 -0.229888961 1.823662043 -0.005272233 0.277025878 0.044124283 0.959834337
1403636711613555456.000000 1.583449841 -0.243396968 1.855510116 0.025593141 0.275172770 0.044201415 0.960037053
1403636711963555584.000000 1.555994630 -0.254715681 1.874273062 0.014335652 0.276229918 0.063380688 0.958892286
1403636712313555456.000000 1.521505237 -0.272329599 1.879596710 0.011315460 0.264597952 0.061055176 0.962357640
1403636712713555456.000000 1.478612661 -0.297735304 1.871602297 0.022902586 0.224600032 0.034322478 0.973577082
1403636713163555584.000000 1.420285583 -0.307260185 1.850619435 0.014244600 0.209466219 0.036989499 0.977012157
1403636713613555456.000000 1.358681917 -0.326079071 1.812042952 0.005060368 0.206532761 0.053225275 0.976977885
1403636714013555456.000000 1.310820818 -0.333945781 1.771080732 -0.001409680 0.211876482 0.061567236 0.975354195
1403636714463555584.000000 1.269227028 -0.325614184 1.725381851 -0.008340345 0.219311863 0.062912747 0.973588645
1403636714963555584.000000 1.232730627 -0.310616642 1.680293918 -0.028801270 0.139869198 0.023706220 0.989467144
1403636716763555840.000000 1.178365827 -0.300713360 1.562569380 -0.002897040 0.090264879 0.005543541 0.995898187
1403636717513555456.000000 1.163331151 -0.278846592 1.494428992 -0.006544411 -0.009631525 -0.058408204 0.998224914
1403636718163555584.000000 1.125515699 -0.254114181 1.433591723 -0.008287486 -0.066666186 -0.068653166 0.995376170
1403636718763555840.000000 1.069258094 -0.217420965 1.379825115 -0.018351179 -0.160254583 -0.059173912 0.985129535
1403636719163555584.000000 1.039420843 -0.192977965 1.351870537 -0.003852574 -0.165706187 -0.086960509 0.982326031
1403636719563555840.000000 1.011893153 -0.174097568 1.320997715 0.005832619 -0.164398074 -0.075424798 0.983488858
1403636719963555584.000000 0.991769791 -0.156836331 1.283263445 -0.012141890 -0.153968260 -0.070463300 0.985485315
1403636720413555712.000000 0.974636793 -0.135792941 1.247721314 -0.014445633 -0.152374953 -0.068916000 0.985811234
1403636720813555456.000000 0.964760482 -0.122285351 1.220165014 -0.016052071 -0.151618525 -0.067139357 0.986025572
1403636721713555456.000000 0.966983616 -0.103159986 1.172246933 -0.005357409 -0.043823179 -0.035722364 0.998386085
1403636722463555584.000000 0.973582625 -0.082913250 1.126971126 -0.005940738 -0.036578249 -0.039770834 0.998521447
1403636723063555840.000000 0.970188439 -0.067075752 1.087937713 -0.006640028 -0.024045395 -0.035404999 0.999061704
1403636724113555456.000000 0.953558683 -0.049971394 1.007691741 -0.021809900 0.037241623 -0.011240508 0.999005020
1403636728463555584.000000 0.876515985 -0.130788341 0.762185395 0.000359680 0.095735177 0.010146062 0.995355070
1403636729663555584.000000 0.812490106 -0.108354136 0.668838739 0.000033068 0.029686512 -0.021827729 0.999320924
1403636730813555456.000000 0.741149902 -0.082714483 0.573876619 -0.034321301 0.026791040 -0.018015565 0.998889267
1403636731863555584.000000 0.711574554 -0.076026343 0.546690226 -0.007893327 0.027764743 -0.007305880 0.999556661
1403636733013555456.000000 0.706703067 -0.041373540 0.503701627 0.010746397 0.027317761 -0.028605597 0.999159634
1403636734013555456.000000 0.654954791 -0.036808979 0.402205408 -0.009021176 0.022077039 -0.029408352 0.999282956
1403636735013555456.000000 0.589230180 -0.022598308 0.313268781 -0.018845102 0.012581797 -0.023364138 0.999470174
1403636737013555456.000000 0.489578754 -0.041157689 0.223884881 -0.003715387 -0.028058056 -0.049300909 0.998382866
1403636737613555456.000000 0.450606644 -0.025345523 0.201055110 -0.017646808 -0.047037993 -0.038290780 0.998002946
1403636739313555456.000000 0.427389741 -0.046307158 0.187315911 -0.007699327 0.144894034 0.038811658 0.988655686
1403636740163555584.000000 0.466043979 -0.021472551 0.198045433 -0.008102374 0.244572148 0.058254685 0.967845678
1403636740813555456.000000 0.488548428 0.012942603 0.206762329 -0.006831463 0.228258535 0.060483877 0.971695960
1403636741413555712.000000 0.503656507 0.059274551 0.212370694 -0.003120163 0.248688608 0.066020086 0.966325819
1403636742063555840.000000 0.516031921 0.099649489 0.216451779 -0.020282872 0.253884614 0.050463594 0.965704262
1403636743013555456.000000 0.534808636 0.122088529 0.239261433 -0.000966061 0.234221086 0.060467649 0.970300615
1403636743713555456.000000 0.562278569 0.146198526 0.274849653 -0.023050072 0.255249441 0.070172571 0.964049935
1403636744363555584.000000 0.601536453 0.185743973 0.336569160 0.005063631 0.291849762 0.082786083 0.952861249
1403636745263555840.000000 0.648455739 0.281466812 0.398491025 -0.012324601 0.281294256 0.080450237 0.956163883
1403636745913555712.000000 0.678478420 0.292410463 0.416670978 0.004270867 0.298708171 0.066956446 0.951983213
1403636747863555584.000000 0.639528334 0.217408299 0.450472355 -0.009897465 0.311817735 0.081566468 0.946582615
1403636748763555840.000000 0.632070720 0.157984942 0.476568490 0.000980525 0.315305501 0.097688332 0.943948388
1403636749713555456.000000 0.650351167 0.112223268 0.481811821 0.000100007 0.335603446 0.078101747 0.938760102
1403636751513555456.000000 0.597417951 0.002163440 0.416574687 -0.008043987 0.301049829 0.094410650 0.948889315
1403636752613555456.000000 0.589494884 -0.073703624 0.390408754 -0.002254247 0.220015779 0.049734667 0.974225044
1403636753663555584.000000 0.571165025 -0.089466408 0.382155031 -0.006289766 0.012789231 -0.031786542 0.999393106
1403636754913555712.000000 0.495021582 -0.092269294 0.344151855 0.003688242 -0.033437252 -0.053166501 0.998018861
1403636756013555456.000000 0.383795857 -0.071891777 0.266798168 -0.006968256 -0.054886263 -0.052613899 0.997081101
1403636756813555456.000000 0.290557653 -0.058307391 0.208858043 0.002261112 -0.060968403 -0.053662419 0.996693611
1403636757563555840.000000 0.206383109 -0.037263867 0.134845287 -0.010589697 -0.067226894 -0.062711962 0.995708585
1403636758113555456.000000 0.136400416 -0.039558142 0.080319978 -0.017139589 -0.099200509 -0.064467445 0.992829025
1403636758663555584.000000 0.069430627 -0.031601500 0.046877354 -0.055038944 -0.110710166 -0.035912685 0.991677523
1403636759163555584.000000 0.026811177 -0.018787144 0.041262805 -0.006897887 -0.111671500 -0.030391790 0.993256390
1403636759713555456.000000 0.011949375 0.008816644 0.041195795 -0.001380496 -0.106187731 -0.058012642 0.992651403
1403636760713555456.000000 0.011560163 0.037653565 0.025555953 -0.019704964 -0.102924168 -0.069108091 0.992089927
1403636761163555584.000000 0.006489632 0.052098695 0.019432988 -0.033194568 -0.104618944 -0.069581054 0.991519809
1403636761713555456.000000 -0.010463485 0.055817846 0.021897931 -0.007396528 -0.108945020 -0.054251045 0.992538750
1403636762213555456.000000 -0.018947324 0.049954843 0.021846609 -0.008988504 -0.094326831 -0.086375959 0.991746366
1403636762563555840.000000 -0.030643426 0.052124016 0.023222422 -0.031935185 -0.108557910 -0.040030066 0.992770374
1403636762963555584.000000 -0.033728499 0.069247492 0.028638380 0.003788155 -0.100683361 -0.048585907 0.993724287
1403636763363555584.000000 -0.027858265 0.068416268 0.031744063 0.005558784 -0.069471337 -0.009213734 0.997525930
1403636763763555840.000000 -0.027950050 0.068436854 0.031441383 0.004359363 -0.069384567 -0.009039321 0.997539520